####################################
#
# -- TEXTPATGEN GENERATED RANDOM DATA --
#
# -- A generated random data file created from:
# -- tpl-gendata-file-0004.go
#
# -- Created: 2024-05-12T11:19:16Z
# -- Epoch Time: 1715512756
#
# Total number: 173
# Number in a line: 13
# Lowest printable number: 0
# Highest printable number: 65536
# Random number seed: 587
#
####################################
61694 56421 56892 31432 43456 07786 05620 29445 44469 49829 19873 31242 13706
59927 39825 41210 60777 27803 03090 17532 27576 48400 61658 46325 33521 05369
28731 01893 17238 45599 46488 31037 22680 40578 54281 10694 02235 53091 60651
13496 08344 60899 26072 54211 21584 36763 53882 47649 43890 22918 25933 54858
44405 31510 35814 56336 44449 33008 06432 49042 09357 41540 55651 51755 44958
52823 14932 05834 00146 25960 59092 56501 29626 35969 03392 16455 65308 54576
33897 25569 58879 45099 34763 56598 28724 57592 50500 62143 15636 24843 10762
05565 64617 41811 56925 57684 57829 52192 33897 47801 16748 37914 30379 62351
55655 53074 49378 49034 39355 49156 03242 10505 42181 21461 58229 47999 28550
32771 04109 44302 19319 20382 55761 52034 19237 00293 26985 61860 10532 52741
13960 37701 33358 34419 58474 47537 21108 65291 65480 56752 62577 27984 49973
00898 05293 57464 24585 46830 62386 17022 65063 34930 48957 49505 14216 42502
60225 08192 44441 25519 01996 15271 27687 60761 07692 27425 21532 01868 11470
06066 42036 21043 56318
# -- End of file.
