####################################
#
# -- TEXTPATGEN GENERATED RANDOM DATA --
#
# -- A generated random data file created from:
# -- tpl-gendata-file-0003.go
#
# -- Created: 2020-07-06T18:18:17Z
# -- Epoch Time: 1594059497
#
# Total number: 487
# Number in a line: 17
# Lowest printable number: 0
# Highest printable number: 255
# Random number seed: 388
#
####################################
93 00 181 197 18 05 111 190 123 151 174 19 122 27 144 159 254
136 49 32 57 162 251 82 188 189 77 106 144 232 18 194 87 63
246 45 154 54 182 24 63 228 171 115 61 103 75 44 65 232 173
242 143 207 13 13 243 195 101 191 212 89 08 174 80 125 119 05
82 12 51 219 60 246 142 189 237 76 146 127 243 107 204 74 07
146 236 32 138 222 177 117 130 159 218 66 237 24 234 118 32 162
151 53 28 32 95 39 193 240 59 36 119 249 60 74 193 211 197
252 249 236 154 29 216 223 32 213 30 35 21 248 56 72 197 84
249 98 108 128 88 155 114 153 141 07 125 74 00 149 230 143 156
144 218 246 185 111 25 17 52 32 172 76 88 61 205 127 187 74
102 92 95 200 253 247 174 249 113 245 199 24 45 251 37 212 13
169 153 03 189 195 63 150 73 214 14 234 239 226 236 189 197 95
09 250 247 216 72 118 17 184 73 143 241 221 185 238 01 67 75
232 16 153 123 118 117 204 167 14 109 158 211 62 96 193 102 43
229 251 195 221 215 210 134 01 41 48 183 23 145 59 131 150 124
01 21 189 85 239 85 30 163 104 136 72 103 122 199 174 234 233
96 205 29 139 49 228 24 13 230 93 240 189 39 101 145 217 15
131 54 189 232 160 135 59 71 96 99 68 148 138 61 55 35 84
216 116 03 154 29 116 76 127 106 222 237 227 54 24 157 73 28
61 164 06 33 74 36 248 154 102 110 139 04 157 164 172 211 71
86 45 32 109 154 197 178 248 209 250 144 99 92 231 104 123 152
129 177 170 248 42 151 24 138 26 77 127 230 179 59 37 228 135
61 151 193 78 250 166 59 57 62 253 05 210 204 170 223 119 246
144 14 21 215 97 144 215 62 132 93 167 155 113 206 196 49 22
192 168 226 251 116 24 211 249 186 186 208 213 40 152 166 234 121
161 69 87 06 08 01 73 249 170 141 127 98 187 215 162 113 65
75 163 236 36 176 137 174 133 46 189 90 127 130 72 237 147 187
209 117 72 231 251 122 150 39 07 173 196 04 51 204 10 247 217
248 248 110 10 139 71 60 41 00 140 245
# -- End of file.
