####################################
#
# -- TEXTPATGEN GENERATED RANDOM DATA --
#
# -- A generated random data file created from:
# -- tpl-gendata-file-0004.go
#
# -- Created: 2024-05-12T11:20:21Z
# -- Epoch Time: 1715512821
#
# Total number: 228
# Number in a line: 14
# Lowest printable number: 0
# Highest printable number: 65536
# Random number seed: 2572
#
####################################
49335 47652 12802 16171 21560 35070 32131 20013 11197 50846 59228 23893 62752 22810
55188 03510 12315 13817 35157 45187 60960 22061 15362 14110 07463 56311 39972 59738
21611 26425 35549 11879 46121 29346 38637 16314 30971 22679 48629 49443 52475 07572
37716 07660 43564 28629 43812 18818 18707 42803 59752 48812 54393 65044 43892 24346
01683 00730 30174 14751 57916 07060 33395 55590 01223 54728 13170 61637 64410 58564
41277 17250 47945 00641 35537 55762 17371 43975 40228 64455 37975 34525 57467 12206
02980 24041 46493 08486 16085 64305 55029 00037 01714 02856 33994 08102 43741 36729
36478 45326 38868 44139 30953 32740 16906 63297 58573 60376 63328 03911 51956 23489
54802 40681 11482 47234 00751 37381 19709 15246 58572 22872 19801 09400 05829 06916
35933 59622 22636 36015 43174 00446 14908 05063 33869 63773 49096 35195 37316 46464
59702 05264 47188 29267 57151 14033 44949 20863 16137 00403 47123 01605 28884 43340
21979 16949 30218 00116 32431 00891 43640 06571 07995 46015 64398 14075 09527 60160
61060 16086 46340 01542 36724 38163 25312 32119 12181 05537 52050 09258 10849 04574
33633 64685 63095 17987 51316 36446 43532 42089 56369 13558 55155 29652 03754 06948
12274 45630 01805 11867 43540 00442 62546 17673 25865 02668 16241 10915 25216 36610
01410 59239 30835 61995 44927 15538 57692 51605 08320 65122 32332 60295 14402 58745
22502 49872 38195 29093
# -- End of file.
