####################################
#
# -- TEXTPATGEN GENERATED RANDOM DATA --
#
# -- A generated random data file created from:
# -- tpl-gendata-tcode-0003.go
#
# -- Created: 2024-05-11T20:27:21Z
#
# Total number: 525
# Number in a line: 17
# Lowest printable number: 0
# Highest printable number: 99
# Random number seed: 437
#
####################################
14 53 62 58 39 53 06 62 36 59 81 50 92 26 83 19 73
10 26 44 95 37 51 89 97 68 23 97 78 29 48 94 22 90
52 85 88 27 98 69 25 01 66 83 63 06 09 66 19 33 67
61 55 66 37 45 51 33 46 59 34 74 78 21 72 61 46 75
78 97 85 15 46 49 05 75 11 15 84 09 87 77 95 79 61
75 53 90 44 38 36 96 05 76 10 77 20 14 09 22 46 92
60 44 79 40 46 53 74 09 61 70 52 78 10 18 85 02 97
04 31 20 51 69 47 41 86 89 80 83 46 91 64 38 65 76
13 81 21 44 69 35 06 50 11 88 86 57 03 60 16 41 80
19 90 82 50 71 80 55 23 22 68 50 79 07 74 63 31 59
50 81 00 02 69 00 29 53 48 89 08 28 68 15 41 08 64
55 13 76 02 01 33 15 64 32 28 03 53 27 56 42 54 96
68 54 46 90 11 75 07 29 53 50 25 76 82 76 40 53 43
50 56 78 81 70 34 40 31 59 38 84 96 46 19 87 45 26
90 56 38 17 09 77 70 65 96 21 64 76 61 89 08 91 19
79 93 80 81 63 13 21 89 65 33 71 03 70 95 28 91 90
12 88 49 91 84 26 20 63 29 74 51 59 32 66 86 07 33
81 40 21 45 24 36 27 51 81 68 08 75 70 68 36 20 93
28 29 12 94 72 51 52 46 52 69 05 11 61 55 78 15 14
81 64 73 65 83 11 17 36 37 86 52 01 51 76 46 81 59
61 98 57 70 08 42 38 42 58 62 37 33 61 80 90 61 24
03 02 90 98 02 29 39 76 91 95 39 69 40 35 63 49 17
59 30 01 81 85 39 84 05 75 34 31 76 04 88 48 59 64
42 57 38 75 54 83 05 09 01 35 58 83 26 33 46 91 07
74 76 28 66 47 93 50 20 84 17 13 29 39 92 10 52 85
80 30 10 63 87 91 91 69 93 12 00 24 38 22 67 91 75
92 34 23 33 96 85 94 81 90 11 44 09 11 84 94 71 64
59 14 84 45 28 55 68 37 58 80 43 48 24 00 56 33 31
97 08 53 45 86 86 73 10 28 65 35 41 65 84 97 15 81
65 28 82 67 04 66 78 37 59 64 19 44 58 14 32 17 26
06 23 97 89 49 86 68 08 31 71 63 83 65 31 07
